"Values"
0 0.069921
1 0.069881
2 0.069891
3 0.069906
4 0.069907
5 0.069901
6 0.069888
7 0.069832
8 0.069827
9 0.069820
10 0.069835
11 0.069825
12 0.069812
13 0.069829
14 0.069821
15 0.069830
16 0.069829
17 0.069810
18 0.069810
19 0.069827
20 0.069836
21 0.069819
22 0.069815
23 0.069820
24 0.069824
25 0.069822
26 0.069816
27 0.069816
28 0.069808
29 0.069809
30 0.069821
31 0.069803
32 0.069825
33 0.069841
34 0.069844
35 0.069856
36 0.069881
37 0.069864
38 0.069887
39 0.069891
40 0.069891
41 0.069926
42 0.069916
43 0.069919
44 0.069888
45 0.069878
46 0.069870
47 0.069872
48 0.069885
49 0.069880
50 0.069891
51 0.069891
52 0.069899
53 0.069894
54 0.069888
55 0.069886
56 0.069889
57 0.069877
58 0.069840
59 0.069848
60 0.069845
61 0.069846
62 0.069848
63 0.069851
64 0.069890
65 0.069837
66 0.069806
67 0.069783
68 0.069779
69 0.069803
70 0.069792
71 0.069805
72 0.069824
73 0.069858
74 0.069864
75 0.069869
76 0.069874
77 0.069893
78 0.069890
79 0.069907
80 0.069892
81 0.069934
82 0.069927
83 0.069923
84 0.069929
85 0.069934
86 0.069915
87 0.069902
88 0.069909
89 0.069934
90 0.069910
91 0.069903
92 0.069907
93 0.069902
94 0.069887
95 0.069855
96 0.069826
97 0.069798
98 0.069786
99 0.069793


"Values*0.9"
0 0.062929
1 0.062893
2 0.062902
3 0.062915
4 0.062917
5 0.062911
6 0.062899
7 0.062848
8 0.062844
9 0.062838
10 0.062851
11 0.062843
12 0.062831
13 0.062846
14 0.062838
15 0.062847
16 0.062846
17 0.062829
18 0.062829
19 0.062845
20 0.062852
21 0.062837
22 0.062833
23 0.062838
24 0.062842
25 0.062840
26 0.062834
27 0.062834
28 0.062827
29 0.062828
30 0.062839
31 0.062823
32 0.062842
33 0.062857
34 0.062859
35 0.062871
36 0.062893
37 0.062878
38 0.062898
39 0.062902
40 0.062902
41 0.062933
42 0.062925
43 0.062927
44 0.062899
45 0.062890
46 0.062883
47 0.062885
48 0.062897
49 0.062892
50 0.062902
51 0.062902
52 0.062909
53 0.062904
54 0.062899
55 0.062897
56 0.062900
57 0.062890
58 0.062856
59 0.062863
60 0.062861
61 0.062861
62 0.062864
63 0.062866
64 0.062901
65 0.062853
66 0.062825
67 0.062805
68 0.062801
69 0.062823
70 0.062813
71 0.062824
72 0.062841
73 0.062872
74 0.062878
75 0.062882
76 0.062887
77 0.062904
78 0.062901
79 0.062916
80 0.062903
81 0.062940
82 0.062934
83 0.062931
84 0.062936
85 0.062940
86 0.062923
87 0.062912
88 0.062918
89 0.062940
90 0.062919
91 0.062912
92 0.062916
93 0.062912
94 0.062899
95 0.062870
96 0.062843
97 0.062818
98 0.062807
99 0.062813
